=== Data Simulasi Laju Pendinginan ===

Waktu (unit) | Laju 0.05 | Laju 0.1 | Laju 0.15
----------------------------------------------------------------------
0.00 | 100.00 | 100.00 | 100.00
0.10 | 99.62 | 99.25 | 98.88
0.20 | 99.25 | 98.51 | 97.77
0.30 | 98.88 | 97.77 | 96.68
0.40 | 98.51 | 97.04 | 95.60
0.50 | 98.14 | 96.32 | 94.54
0.60 | 97.78 | 95.61 | 93.50
0.70 | 97.41 | 94.90 | 92.47
0.80 | 97.05 | 94.21 | 91.46
0.90 | 96.69 | 93.51 | 90.46
1.00 | 96.33 | 92.83 | 89.48
1.10 | 95.98 | 92.15 | 88.51
1.20 | 95.62 | 91.48 | 87.56
1.30 | 95.27 | 90.81 | 86.62
1.40 | 94.92 | 90.16 | 85.70
1.50 | 94.57 | 89.50 | 84.79
1.60 | 94.22 | 88.86 | 83.89
1.70 | 93.87 | 88.22 | 83.01
1.80 | 93.53 | 87.59 | 82.14
1.90 | 93.19 | 86.96 | 81.28
2.00 | 92.85 | 86.34 | 80.44
2.10 | 92.51 | 85.73 | 79.60
2.20 | 92.17 | 85.12 | 78.78
2.30 | 91.83 | 84.52 | 77.98
2.40 | 91.50 | 83.93 | 77.18
2.50 | 91.17 | 83.34 | 76.40
2.60 | 90.84 | 82.75 | 75.63
2.70 | 90.51 | 82.18 | 74.87
2.80 | 90.18 | 81.60 | 74.12
2.90 | 89.85 | 81.04 | 73.39
3.00 | 89.53 | 80.48 | 72.66
3.10 | 89.21 | 79.92 | 71.94
3.20 | 88.89 | 79.37 | 71.24
3.30 | 88.57 | 78.83 | 70.55
3.40 | 88.25 | 78.29 | 69.86
3.50 | 87.93 | 77.76 | 69.19
3.60 | 87.62 | 77.23 | 68.53
3.70 | 87.30 | 76.71 | 67.87
3.80 | 86.99 | 76.19 | 67.23
3.90 | 86.68 | 75.68 | 66.60
4.00 | 86.37 | 75.17 | 65.97
4.10 | 86.07 | 74.67 | 65.36
4.20 | 85.76 | 74.17 | 64.75
4.30 | 85.46 | 73.68 | 64.16
4.40 | 85.16 | 73.20 | 63.57
4.50 | 84.85 | 72.71 | 62.99
4.60 | 84.56 | 72.24 | 62.42
4.70 | 84.26 | 71.76 | 61.86
4.80 | 83.96 | 71.30 | 61.31
4.90 | 83.67 | 70.83 | 60.76
5.00 | 83.37 | 70.38 | 60.23
5.10 | 83.08 | 69.92 | 59.70
5.20 | 82.79 | 69.47 | 59.18
5.30 | 82.50 | 69.03 | 58.67
5.40 | 82.21 | 68.59 | 58.16
5.50 | 81.93 | 68.15 | 57.66
5.60 | 81.64 | 67.72 | 57.17
5.70 | 81.36 | 67.29 | 56.69
5.80 | 81.08 | 66.87 | 56.21
5.90 | 80.80 | 66.45 | 55.75
6.00 | 80.52 | 66.04 | 55.29
6.10 | 80.24 | 65.63 | 54.83
6.20 | 79.97 | 65.22 | 54.38
6.30 | 79.69 | 64.82 | 53.94
6.40 | 79.42 | 64.42 | 53.51
6.50 | 79.15 | 64.03 | 53.08
6.60 | 78.87 | 63.64 | 52.66
6.70 | 78.61 | 63.25 | 52.25
6.80 | 78.34 | 62.87 | 51.84
6.90 | 78.07 | 62.49 | 51.43
7.00 | 77.81 | 62.11 | 51.04
7.10 | 77.54 | 61.74 | 50.65
7.20 | 77.28 | 61.37 | 50.26
7.30 | 77.02 | 61.01 | 49.88
7.40 | 76.76 | 60.65 | 49.51
7.50 | 76.50 | 60.29 | 49.14
7.60 | 76.24 | 59.94 | 48.78
7.70 | 75.98 | 59.59 | 48.42
7.80 | 75.73 | 59.25 | 48.07
7.90 | 75.48 | 58.90 | 47.73
8.00 | 75.22 | 58.56 | 47.39
8.10 | 74.97 | 58.23 | 47.05
8.20 | 74.72 | 57.90 | 46.72
8.30 | 74.47 | 57.57 | 46.39
8.40 | 74.23 | 57.24 | 46.07
8.50 | 73.98 | 56.92 | 45.76
8.60 | 73.74 | 56.60 | 45.44
8.70 | 73.49 | 56.28 | 45.14
8.80 | 73.25 | 55.97 | 44.84
8.90 | 73.01 | 55.66 | 44.54
9.00 | 72.77 | 55.35 | 44.25
9.10 | 72.53 | 55.05 | 43.96
9.20 | 72.29 | 54.75 | 43.67
9.30 | 72.06 | 54.45 | 43.39
9.40 | 71.82 | 54.16 | 43.12
9.50 | 71.59 | 53.87 | 42.84
9.60 | 71.35 | 53.58 | 42.58
9.70 | 71.12 | 53.29 | 42.31
9.80 | 70.89 | 53.01 | 42.05
9.90 | 70.66 | 52.73 | 41.80
10.00 | 70.43 | 52.45 | 41.55
10.10 | 70.21 | 52.18 | 41.30
10.20 | 69.98 | 51.91 | 41.05
10.30 | 69.75 | 51.64 | 40.81
10.40 | 69.53 | 51.37 | 40.58
10.50 | 69.31 | 51.11 | 40.34
10.60 | 69.09 | 50.85 | 40.11
10.70 | 68.87 | 50.59 | 39.88
10.80 | 68.65 | 50.33 | 39.66
10.90 | 68.43 | 50.08 | 39.44
11.00 | 68.21 | 49.83 | 39.22
11.10 | 68.00 | 49.58 | 39.01
11.20 | 67.78 | 49.33 | 38.80
11.30 | 67.57 | 49.09 | 38.59
11.40 | 67.35 | 48.85 | 38.39
11.50 | 67.14 | 48.61 | 38.19
11.60 | 66.93 | 48.37 | 37.99
11.70 | 66.72 | 48.14 | 37.80
11.80 | 66.51 | 47.91 | 37.60
11.90 | 66.31 | 47.68 | 37.42
12.00 | 66.10 | 47.45 | 37.23
12.10 | 65.89 | 47.23 | 37.05
12.20 | 65.69 | 47.01 | 36.87
12.30 | 65.49 | 46.79 | 36.69
12.40 | 65.28 | 46.57 | 36.51
12.50 | 65.08 | 46.35 | 36.34
12.60 | 64.88 | 46.14 | 36.17
12.70 | 64.68 | 45.93 | 36.00
12.80 | 64.48 | 45.72 | 35.84
12.90 | 64.29 | 45.51 | 35.67
13.00 | 64.09 | 45.31 | 35.51
13.10 | 63.89 | 45.10 | 35.36
13.20 | 63.70 | 44.90 | 35.20
13.30 | 63.51 | 44.70 | 35.05
13.40 | 63.31 | 44.51 | 34.90
13.50 | 63.12 | 44.31 | 34.75
13.60 | 62.93 | 44.12 | 34.60
13.70 | 62.74 | 43.93 | 34.46
13.80 | 62.55 | 43.74 | 34.32
13.90 | 62.37 | 43.55 | 34.18
14.00 | 62.18 | 43.36 | 34.04
14.10 | 61.99 | 43.18 | 33.90
14.20 | 61.81 | 43.00 | 33.77
14.30 | 61.62 | 42.82 | 33.64
14.40 | 61.44 | 42.64 | 33.51
14.50 | 61.26 | 42.46 | 33.38
14.60 | 61.08 | 42.29 | 33.26
14.70 | 60.90 | 42.12 | 33.13
14.80 | 60.72 | 41.95 | 33.01
14.90 | 60.54 | 41.78 | 32.89
15.00 | 60.36 | 41.61 | 32.77
15.10 | 60.18 | 41.44 | 32.65
15.20 | 60.01 | 41.28 | 32.54
15.30 | 59.83 | 41.12 | 32.43
15.40 | 59.66 | 40.95 | 32.32
15.50 | 59.49 | 40.79 | 32.21
15.60 | 59.31 | 40.64 | 32.10
15.70 | 59.14 | 40.48 | 31.99
15.80 | 58.97 | 40.33 | 31.89
15.90 | 58.80 | 40.17 | 31.78
16.00 | 58.63 | 40.02 | 31.68
16.10 | 58.46 | 39.87 | 31.58
16.20 | 58.30 | 39.72 | 31.48
16.30 | 58.13 | 39.57 | 31.39
16.40 | 57.96 | 39.43 | 31.29
16.50 | 57.80 | 39.28 | 31.19
16.60 | 57.64 | 39.14 | 31.10
16.70 | 57.47 | 39.00 | 31.01
16.80 | 57.31 | 38.86 | 30.92
16.90 | 57.15 | 38.72 | 30.83
17.00 | 56.99 | 38.58 | 30.74
17.10 | 56.83 | 38.45 | 30.66
17.20 | 56.67 | 38.31 | 30.57
17.30 | 56.51 | 38.18 | 30.49
17.40 | 56.35 | 38.05 | 30.41
17.50 | 56.20 | 37.92 | 30.33
17.60 | 56.04 | 37.79 | 30.25
17.70 | 55.88 | 37.66 | 30.17
17.80 | 55.73 | 37.54 | 30.09
17.90 | 55.58 | 37.41 | 30.01
18.00 | 55.42 | 37.29 | 29.94
18.10 | 55.27 | 37.16 | 29.86
18.20 | 55.12 | 37.04 | 29.79
18.30 | 54.97 | 36.92 | 29.72
18.40 | 54.82 | 36.80 | 29.65
18.50 | 54.67 | 36.68 | 29.58
18.60 | 54.52 | 36.57 | 29.51
18.70 | 54.37 | 36.45 | 29.44
18.80 | 54.23 | 36.34 | 29.38
18.90 | 54.08 | 36.22 | 29.31
19.00 | 53.94 | 36.11 | 29.25
19.10 | 53.79 | 36.00 | 29.18
19.20 | 53.65 | 35.89 | 29.12
19.30 | 53.50 | 35.78 | 29.06
19.40 | 53.36 | 35.67 | 29.00
19.50 | 53.22 | 35.57 | 28.94
19.60 | 53.08 | 35.46 | 28.88
19.70 | 52.94 | 35.36 | 28.82
19.80 | 52.80 | 35.25 | 28.76
19.90 | 52.66 | 35.15 | 28.71
